# unix_time, cycles_done, cur_path, paths_total, pending_total, pending_favs, map_size, unique_crashes, unique_hangs, max_depth, execs_per_sec
1599143140, 0, 0, 142, 142, 1, 1.05%, 29, 0, 2, 1353.91
1599143145, 0, 0, 222, 222, 1, 1.18%, 43, 0, 2, 1015.45
1599143151, 0, 0, 274, 274, 1, 1.22%, 46, 0, 2, 944.96
1599143156, 0, 0, 299, 299, 1, 1.28%, 46, 0, 2, 946.69
1599143161, 0, 0, 312, 312, 1, 1.29%, 48, 0, 2, 944.94
1599143166, 0, 0, 325, 325, 1, 1.29%, 49, 0, 2, 937.40
1599143171, 0, 0, 329, 329, 1, 1.29%, 49, 0, 2, 933.63
1599143176, 0, 0, 340, 340, 1, 1.30%, 49, 0, 2, 934.89
1599143181, 0, 39, 343, 342, 51, 1.30%, 49, 0, 3, 920.88
1599143186, 0, 39, 352, 351, 51, 1.30%, 49, 0, 3, 937.28
1599143191, 0, 39, 360, 359, 51, 1.32%, 50, 0, 3, 936.94
1599143196, 0, 39, 364, 363, 51, 1.33%, 50, 0, 3, 925.91
1599143201, 0, 39, 369, 368, 51, 1.33%, 50, 0, 3, 936.76
1599143206, 0, 39, 373, 372, 51, 1.33%, 50, 0, 3, 934.76
1599143211, 0, 39, 376, 375, 51, 1.33%, 50, 0, 3, 933.91
1599143216, 0, 56, 381, 379, 60, 1.35%, 50, 0, 3, 932.99
1599143221, 0, 56, 383, 381, 60, 1.35%, 50, 0, 3, 921.18
1599143227, 0, 56, 385, 383, 60, 1.36%, 50, 0, 3, 925.31
1599143232, 0, 56, 386, 384, 60, 1.36%, 50, 0, 3, 925.99
1599143237, 0, 56, 391, 389, 60, 1.36%, 50, 0, 3, 924.46
1599143242, 0, 56, 393, 391, 60, 1.36%, 50, 0, 3, 927.34
1599143247, 0, 56, 398, 396, 60, 1.37%, 50, 0, 3, 928.19
1599143252, 0, 56, 400, 398, 60, 1.37%, 50, 0, 3, 923.45
1599143257, 0, 66, 400, 397, 61, 1.37%, 50, 0, 3, 917.47
1599143262, 0, 66, 404, 401, 61, 1.37%, 50, 0, 3, 924.26
1599143272, 0, 66, 405, 402, 61, 0.00%, 50, 0, 3, 0.00
